8
pepe,1234
140,280,420,560,700,110,220,330,440,550,100,200,300,400,500,900,890,880,870,860,123,234,345,456,567,111,222,333,444,555
luis,9876
104,280,420,560,700,110,220,330,440,550,100,200,300,400,500,900,890,880,870,860,123,234,345,456,567,111,222,333,444,555
kilian,2025
999,280,420,560,700,110,220,330,440,550,100,200,300,400,500,900,890,880,870,860,123,234,345,456,567,111,222,333,444,555
cristiano,2030
930,280,420,560,700,110,220,330,440,550,100,200,300,400,500,900,890,880,870,860,123,234,345,456,567,111,222,333,444,555
federico,8132
212,280,420,560,700,110,220,330,440,550,100,200,300,400,500,900,890,880,870,860,123,234,345,456,567,111,222,333,444,555
ancelotti,7265
945,280,420,560,700,110,220,330,440,550,100,200,300,400,500,900,890,880,870,860,123,234,345,456,567,111,222,333,444,555
zlatan,9999
101,280,420,560,700,110,220,330,440,550,100,200,300,400,500,900,890,880,870,860,123,234,345,456,567,111,222,333,444,555
messi,1031
335,280,420,560,700,110,220,330,440,550,100,200,300,400,500,900,890,880,870,860,123,234,345,456,567,111,222,333,444,555